1.000000000000000000e+00
1.000000000000000000e+00
1.000000000000000000e+00
1.000000000000000000e+00
1.000000000000000000e+00
1.000000000000000000e+00
1.000000000000000000e+00
1.000000000000000000e+00
1.000000000000000000e+00
1.000000000000000000e+00
1.000000000000000000e+00
1.000000000000000000e+00
1.000000000000000000e+00
1.000000000000000000e+00
1.000000000000000000e+00
9.731290094530902213e-01
9.497976604728892713e-01
9.313459504218555285e-01
9.163081712441314419e-01
9.037613965034190233e-01
8.930926631391559178e-01
8.838775470888546870e-01
8.758121508448765136e-01
8.686727902448425631e-01
8.622909728446042088e-01
8.565372611500636779e-01
8.513105233466773392e-01
8.465305712883259837e-01
8.421329954816219043e-01
8.380654641567417684e-01
8.342850214861340374e-01
8.307560821723041222e-01
8.274489205894308697e-01
8.243385171360270158e-01
8.214036665688406735e-01
8.186262811625751867e-01
8.159908406041813667e-01
8.134839536952801486e-01
8.110940061678008073e-01
8.088108754830638514e-01
8.066256982143851229e-01
8.045306790620118109e-01
8.025189330919574315e-01
8.005843546846562742e-01
7.987215081043822495e-01
7.969255356821808300e-01
7.648910139818114740e-01
7.549488606330512219e-01
7.471987209352939363e-01
7.409859459065371023e-01
7.358953675411800122e-01
7.316500207506870801e-01
7.280578817143537051e-01
7.249815704184753296e-01
7.223201761218770445e-01
7.199075794631536462e-01
7.177977362213210366e-01
7.159402420462294137e-01
7.142955818073247753e-01
7.128323323472566253e-01
7.115251848953283442e-01
7.103535193088736932e-01
7.093003578822347777e-01
7.083515853092744452e-01
7.074953585520725730e-01
7.067216543883098057e-01
7.060219182612780253e-01
7.053887887193466266e-01
7.048158790309350108e-01
7.042976026372987919e-01
7.038290326849010459e-01
7.034057884315828568e-01
7.030239431547543605e-01
7.026799495112606708e-01
7.023705792475343213e-01
7.020928748331826119e-01
7.018441110627244850e-01
7.016217649935537759e-01
7.014234928073951325e-01
