2.000000000000000111e-01
4.000000000000000222e-01
6.000000000000000888e-01
8.000000000000000444e-01
1.000000000000000000e+00
2.000000000000000000e+00
2.076923076923077094e+00
2.153846153846153744e+00
2.230769230769230838e+00
2.307692307692307487e+00
2.384615384615384581e+00
2.461538461538461675e+00
2.538461538461538325e+00
2.615384615384615419e+00
2.692307692307692513e+00
2.769230769230769162e+00
2.846153846153846256e+00
2.923076923076923350e+00
3.000000000000000000e+00
3.076923076923077094e+00
3.153846153846154188e+00
3.230769230769230838e+00
3.307692307692307487e+00
3.384615384615384581e+00
3.461538461538461675e+00
3.538461538461538325e+00
3.615384615384615419e+00
3.692307692307692513e+00
3.769230769230769162e+00
3.846153846153846256e+00
3.923076923076923350e+00
4.000000000000000000e+00
4.076923076923076650e+00
4.153846153846154188e+00
4.230769230769230838e+00
4.307692307692308376e+00
4.384615384615385025e+00
4.461538461538461675e+00
4.538461538461538325e+00
4.615384615384614975e+00
4.692307692307692513e+00
4.769230769230769162e+00
4.846153846153846700e+00
4.923076923076923350e+00
5.000000000000000000e+00
6.000000000000000000e+00
7.000000000000000000e+00
8.000000000000000000e+00
9.000000000000000000e+00
1.000000000000000000e+01
1.100000000000000000e+01
1.200000000000000000e+01
1.300000000000000000e+01
1.400000000000000000e+01
1.500000000000000000e+01
1.604166666666666785e+01
1.708333333333333215e+01
1.812500000000000000e+01
1.916666666666666785e+01
2.020833333333333570e+01
2.125000000000000000e+01
2.229166666666666785e+01
2.333333333333333570e+01
2.437500000000000000e+01
2.541666666666666785e+01
2.645833333333333570e+01
2.750000000000000000e+01
2.854166666666666785e+01
2.958333333333333570e+01
3.062500000000000000e+01
3.166666666666666785e+01
3.270833333333333570e+01
3.375000000000000000e+01
3.479166666666667140e+01
3.583333333333333570e+01
3.687500000000000000e+01
3.791666666666667140e+01
3.895833333333333570e+01
4.000000000000000000e+01
