2.801756478520362470e-01
9.999999999988600230e-01
9.999999999989586108e-01
9.999999999990476507e-01
9.999999999992059685e-01
9.999999999993192112e-01
9.999999999997498668e-01
9.999999999997477573e-01
9.999999999997657429e-01
9.999999999997852829e-01
8.825080764265958999e-01
7.514114645792673297e-01
7.044183485532928835e-01
6.779788952394276702e-01
6.603562857703551003e-01
6.474530426713055453e-01
6.374139935220424213e-01
6.292632237420086039e-01
6.224336293784599183e-01
6.165712209722922221e-01
6.114427062559092407e-01
6.068876048333069484e-01
6.027916075261764428e-01
5.990708938098621150e-01
5.956624649263180249e-01
5.925179522822081601e-01
5.895995209324617070e-01
5.690369724987925926e-01
5.557894622648466010e-01
5.471692346532607276e-01
5.463473836499695979e-01
5.455484725068754370e-01
5.447715440635404471e-01
5.440156951157031351e-01
5.432800724599260445e-01
5.425638693134324786e-01
5.190447080707299987e-01
5.161512304519130234e-01
5.141934526335559807e-01
5.126851358547430682e-01
5.114550638694622675e-01
5.051567201008863028e-01
5.026821738689434271e-01
5.014694511387934872e-01
5.008262499819181590e-01
5.004714207435972950e-01
5.002713082680936285e-01
