0.000000000000000000e+00
2.000000000000000111e-01
4.000000000000000222e-01
6.000000000000000888e-01
8.000000000000000444e-01
1.000000000000000000e+00
2.000000000000000000e+00
2.009523809523809490e+00
2.114285714285714324e+00
2.219047619047619158e+00
2.323809523809523991e+00
2.428571428571428825e+00
2.533333333333333215e+00
2.638095238095238049e+00
2.742857142857142883e+00
2.847619047619047716e+00
2.952380952380952550e+00
3.057142857142856940e+00
3.161904761904762218e+00
3.266666666666666607e+00
3.371428571428571441e+00
3.476190476190476275e+00
3.580952380952381109e+00
3.685714285714285943e+00
3.790476190476190332e+00
3.895238095238095610e+00
4.000000000000000000e+00
5.000000000000000000e+00
6.000000000000000000e+00
6.900000000000000355e+00
7.000000000000000000e+00
7.100000000000000533e+00
7.200000000000000178e+00
7.299999999999999822e+00
7.400000000000000355e+00
7.500000000000000000e+00
7.599999999999999645e+00
7.700000000000000178e+00
7.799999999999999822e+00
7.900000000000000355e+00
8.000000000000000000e+00
9.000000000000000000e+00
1.000000000000000000e+01
1.100000000000000000e+01
1.200000000000000000e+01
1.300000000000000000e+01
1.400000000000000000e+01
